{
 "cells": [
  {
   "cell_type": "markdown",
   "metadata": {},
   "source": [
    "# Introdução"
   ]
  },
  {
   "cell_type": "code",
   "execution_count": 1,
   "metadata": {},
   "outputs": [],
   "source": [
    "import yfinance as yf\n",
    "import pandas as pd\n",
    "\n",
    "import pandas as pd \n",
    "import numpy as np \n",
    "import math\n",
    "import matplotlib. pyplot as plt \n",
    "import seaborn as sns \n",
    "from scipy import stats\n"
   ]
  },
  {
   "cell_type": "code",
   "execution_count": 12,
   "metadata": {},
   "outputs": [
    {
     "name": "stderr",
     "output_type": "stream",
     "text": [
      "[*********************100%%**********************]  17 of 17 completed\n"
     ]
    },
    {
     "data": {
      "text/html": [
       "<div>\n",
       "<style scoped>\n",
       "    .dataframe tbody tr th:only-of-type {\n",
       "        vertical-align: middle;\n",
       "    }\n",
       "\n",
       "    .dataframe tbody tr th {\n",
       "        vertical-align: top;\n",
       "    }\n",
       "\n",
       "    .dataframe thead th {\n",
       "        text-align: right;\n",
       "    }\n",
       "</style>\n",
       "<table border=\"1\" class=\"dataframe\">\n",
       "  <thead>\n",
       "    <tr style=\"text-align: right;\">\n",
       "      <th>Ticker</th>\n",
       "      <th>Date</th>\n",
       "      <th>AGRO3.SA</th>\n",
       "      <th>AURE3.SA</th>\n",
       "      <th>BMGB4.SA</th>\n",
       "      <th>BRAP4.SA</th>\n",
       "      <th>CPFE3.SA</th>\n",
       "      <th>CSMG3.SA</th>\n",
       "      <th>GOAU4.SA</th>\n",
       "      <th>ITUB3.SA</th>\n",
       "      <th>ITUB4.SA</th>\n",
       "      <th>LEVE3.SA</th>\n",
       "      <th>MTRE3.SA</th>\n",
       "      <th>PETR3.SA</th>\n",
       "      <th>PETR4.SA</th>\n",
       "      <th>SBSP3.SA</th>\n",
       "      <th>SLCE3.SA</th>\n",
       "      <th>VALE3.SA</th>\n",
       "      <th>WEGE3.SA</th>\n",
       "    </tr>\n",
       "  </thead>\n",
       "  <tbody>\n",
       "    <tr>\n",
       "      <th>496</th>\n",
       "      <td>2024-07-08</td>\n",
       "      <td>26.930000</td>\n",
       "      <td>12.34</td>\n",
       "      <td>3.55</td>\n",
       "      <td>18.990000</td>\n",
       "      <td>33.459999</td>\n",
       "      <td>20.900000</td>\n",
       "      <td>10.53</td>\n",
       "      <td>28.360001</td>\n",
       "      <td>32.869999</td>\n",
       "      <td>33.490002</td>\n",
       "      <td>4.02</td>\n",
       "      <td>41.220001</td>\n",
       "      <td>38.439999</td>\n",
       "      <td>83.110001</td>\n",
       "      <td>19.020000</td>\n",
       "      <td>63.099998</td>\n",
       "      <td>44.470001</td>\n",
       "    </tr>\n",
       "    <tr>\n",
       "      <th>497</th>\n",
       "      <td>2024-07-09</td>\n",
       "      <td>26.830000</td>\n",
       "      <td>12.40</td>\n",
       "      <td>3.55</td>\n",
       "      <td>19.100000</td>\n",
       "      <td>33.369999</td>\n",
       "      <td>20.690001</td>\n",
       "      <td>10.55</td>\n",
       "      <td>28.549999</td>\n",
       "      <td>33.099998</td>\n",
       "      <td>33.220001</td>\n",
       "      <td>4.01</td>\n",
       "      <td>40.889999</td>\n",
       "      <td>38.430000</td>\n",
       "      <td>84.269997</td>\n",
       "      <td>19.090000</td>\n",
       "      <td>63.020000</td>\n",
       "      <td>44.549999</td>\n",
       "    </tr>\n",
       "    <tr>\n",
       "      <th>498</th>\n",
       "      <td>2024-07-10</td>\n",
       "      <td>26.740000</td>\n",
       "      <td>12.41</td>\n",
       "      <td>3.56</td>\n",
       "      <td>18.969999</td>\n",
       "      <td>33.459999</td>\n",
       "      <td>20.750000</td>\n",
       "      <td>10.52</td>\n",
       "      <td>28.590000</td>\n",
       "      <td>33.450001</td>\n",
       "      <td>33.099998</td>\n",
       "      <td>4.11</td>\n",
       "      <td>40.770000</td>\n",
       "      <td>38.070000</td>\n",
       "      <td>85.099998</td>\n",
       "      <td>19.120001</td>\n",
       "      <td>62.169998</td>\n",
       "      <td>44.049999</td>\n",
       "    </tr>\n",
       "    <tr>\n",
       "      <th>499</th>\n",
       "      <td>2024-07-11</td>\n",
       "      <td>27.020000</td>\n",
       "      <td>12.45</td>\n",
       "      <td>3.56</td>\n",
       "      <td>19.160000</td>\n",
       "      <td>33.709999</td>\n",
       "      <td>20.600000</td>\n",
       "      <td>10.66</td>\n",
       "      <td>28.820000</td>\n",
       "      <td>33.650002</td>\n",
       "      <td>33.700001</td>\n",
       "      <td>4.42</td>\n",
       "      <td>41.110001</td>\n",
       "      <td>38.330002</td>\n",
       "      <td>84.330002</td>\n",
       "      <td>19.160000</td>\n",
       "      <td>62.009998</td>\n",
       "      <td>44.959999</td>\n",
       "    </tr>\n",
       "    <tr>\n",
       "      <th>500</th>\n",
       "      <td>2024-07-12</td>\n",
       "      <td>27.190001</td>\n",
       "      <td>12.48</td>\n",
       "      <td>3.58</td>\n",
       "      <td>19.240000</td>\n",
       "      <td>33.790001</td>\n",
       "      <td>20.660000</td>\n",
       "      <td>10.73</td>\n",
       "      <td>28.680000</td>\n",
       "      <td>33.459999</td>\n",
       "      <td>34.200001</td>\n",
       "      <td>4.38</td>\n",
       "      <td>40.880001</td>\n",
       "      <td>38.150002</td>\n",
       "      <td>83.150002</td>\n",
       "      <td>19.110001</td>\n",
       "      <td>62.919998</td>\n",
       "      <td>45.880001</td>\n",
       "    </tr>\n",
       "  </tbody>\n",
       "</table>\n",
       "</div>"
      ],
      "text/plain": [
       "Ticker       Date   AGRO3.SA  AURE3.SA  BMGB4.SA   BRAP4.SA   CPFE3.SA  \\\n",
       "496    2024-07-08  26.930000     12.34      3.55  18.990000  33.459999   \n",
       "497    2024-07-09  26.830000     12.40      3.55  19.100000  33.369999   \n",
       "498    2024-07-10  26.740000     12.41      3.56  18.969999  33.459999   \n",
       "499    2024-07-11  27.020000     12.45      3.56  19.160000  33.709999   \n",
       "500    2024-07-12  27.190001     12.48      3.58  19.240000  33.790001   \n",
       "\n",
       "Ticker   CSMG3.SA  GOAU4.SA   ITUB3.SA   ITUB4.SA   LEVE3.SA  MTRE3.SA  \\\n",
       "496     20.900000     10.53  28.360001  32.869999  33.490002      4.02   \n",
       "497     20.690001     10.55  28.549999  33.099998  33.220001      4.01   \n",
       "498     20.750000     10.52  28.590000  33.450001  33.099998      4.11   \n",
       "499     20.600000     10.66  28.820000  33.650002  33.700001      4.42   \n",
       "500     20.660000     10.73  28.680000  33.459999  34.200001      4.38   \n",
       "\n",
       "Ticker   PETR3.SA   PETR4.SA   SBSP3.SA   SLCE3.SA   VALE3.SA   WEGE3.SA  \n",
       "496     41.220001  38.439999  83.110001  19.020000  63.099998  44.470001  \n",
       "497     40.889999  38.430000  84.269997  19.090000  63.020000  44.549999  \n",
       "498     40.770000  38.070000  85.099998  19.120001  62.169998  44.049999  \n",
       "499     41.110001  38.330002  84.330002  19.160000  62.009998  44.959999  \n",
       "500     40.880001  38.150002  83.150002  19.110001  62.919998  45.880001  "
      ]
     },
     "execution_count": 12,
     "metadata": {},
     "output_type": "execute_result"
    }
   ],
   "source": [
    "tickers = ['WEGE3.SA','AURE3.SA','LEVE3.sa','CSMG3.SA'\n",
    "           ,'PETR4.SA','PETR3.SA','MTRE3.SA','BRAP4.SA'\n",
    "           ,'GOAU4.SA','AGRO3.SA','SLCE3.SA'\n",
    "           ,'VALE3.SA','CPFE3.SA','SBSP3.SA'\n",
    "           ,'ITUB3.SA','ITUB4.SA','BMGB4.SA']\n",
    "\n",
    "stocks = yf.download(tickers,period='2y', interval='1d')\n",
    "\n",
    "df = pd.DataFrame(stocks['Adj Close']).reset_index()\n",
    "\n",
    "df.set_index('Date')\n",
    "\n",
    "#df.rename(columns={'AMER3.SA':'AMERICANAS','MGLU3.SA':'MAGALU'}, inplace=True)\n",
    "\n",
    "#df.columns.droplevel(1)\n",
    "\n",
    "df.tail()"
   ]
  },
  {
   "cell_type": "code",
   "execution_count": 13,
   "metadata": {},
   "outputs": [
    {
     "data": {
      "text/plain": [
       "Ticker\n",
       "AGRO3.SA    1.828842\n",
       "AURE3.SA    1.289264\n",
       "BMGB4.SA    2.426725\n",
       "BRAP4.SA    1.719817\n",
       "CPFE3.SA    1.487198\n",
       "CSMG3.SA    2.105115\n",
       "GOAU4.SA    1.758664\n",
       "ITUB3.SA    1.277766\n",
       "ITUB4.SA    1.461575\n",
       "LEVE3.SA    2.390846\n",
       "MTRE3.SA    3.454122\n",
       "PETR3.SA    2.264469\n",
       "PETR4.SA    2.225949\n",
       "SBSP3.SA    1.949316\n",
       "SLCE3.SA    1.696154\n",
       "VALE3.SA    1.817757\n",
       "WEGE3.SA    1.694116\n",
       "dtype: float64"
      ]
     },
     "execution_count": 13,
     "metadata": {},
     "output_type": "execute_result"
    }
   ],
   "source": [
    "\n",
    "dataset = df.copy()\n",
    "dataset.drop(labels=['Date'], axis=1, inplace=True)\n",
    "taxas_retorno = (dataset/dataset.shift(1))-1\n",
    "taxas_retorno.std()*100"
   ]
  },
  {
   "cell_type": "code",
   "execution_count": 14,
   "metadata": {},
   "outputs": [
    {
     "data": {
      "text/plain": [
       "Ticker\n",
       "AGRO3.SA    4.608682\n",
       "AURE3.SA    3.248946\n",
       "BMGB4.SA    6.115348\n",
       "BRAP4.SA    4.333939\n",
       "CPFE3.SA    3.747739\n",
       "CSMG3.SA    5.304890\n",
       "GOAU4.SA    4.431834\n",
       "ITUB3.SA    3.219969\n",
       "ITUB4.SA    3.683168\n",
       "LEVE3.SA    6.024931\n",
       "MTRE3.SA    8.704388\n",
       "PETR3.SA    5.706461\n",
       "PETR4.SA    5.609390\n",
       "SBSP3.SA    4.912277\n",
       "SLCE3.SA    4.274307\n",
       "VALE3.SA    4.580747\n",
       "WEGE3.SA    4.269173\n",
       "dtype: float64"
      ]
     },
     "execution_count": 14,
     "metadata": {},
     "output_type": "execute_result"
    }
   ],
   "source": [
    "taxas_retorno.std()*252\n"
   ]
  },
  {
   "cell_type": "code",
   "execution_count": 15,
   "metadata": {},
   "outputs": [
    {
     "data": {
      "text/html": [
       "<div>\n",
       "<style scoped>\n",
       "    .dataframe tbody tr th:only-of-type {\n",
       "        vertical-align: middle;\n",
       "    }\n",
       "\n",
       "    .dataframe tbody tr th {\n",
       "        vertical-align: top;\n",
       "    }\n",
       "\n",
       "    .dataframe thead th {\n",
       "        text-align: right;\n",
       "    }\n",
       "</style>\n",
       "<table border=\"1\" class=\"dataframe\">\n",
       "  <thead>\n",
       "    <tr style=\"text-align: right;\">\n",
       "      <th>Ticker</th>\n",
       "      <th>AGRO3.SA</th>\n",
       "      <th>AURE3.SA</th>\n",
       "      <th>BMGB4.SA</th>\n",
       "      <th>BRAP4.SA</th>\n",
       "      <th>CPFE3.SA</th>\n",
       "      <th>CSMG3.SA</th>\n",
       "      <th>GOAU4.SA</th>\n",
       "      <th>ITUB3.SA</th>\n",
       "      <th>ITUB4.SA</th>\n",
       "      <th>LEVE3.SA</th>\n",
       "      <th>MTRE3.SA</th>\n",
       "      <th>PETR3.SA</th>\n",
       "      <th>PETR4.SA</th>\n",
       "      <th>SBSP3.SA</th>\n",
       "      <th>SLCE3.SA</th>\n",
       "      <th>VALE3.SA</th>\n",
       "      <th>WEGE3.SA</th>\n",
       "    </tr>\n",
       "    <tr>\n",
       "      <th>Ticker</th>\n",
       "      <th></th>\n",
       "      <th></th>\n",
       "      <th></th>\n",
       "      <th></th>\n",
       "      <th></th>\n",
       "      <th></th>\n",
       "      <th></th>\n",
       "      <th></th>\n",
       "      <th></th>\n",
       "      <th></th>\n",
       "      <th></th>\n",
       "      <th></th>\n",
       "      <th></th>\n",
       "      <th></th>\n",
       "      <th></th>\n",
       "      <th></th>\n",
       "      <th></th>\n",
       "    </tr>\n",
       "  </thead>\n",
       "  <tbody>\n",
       "    <tr>\n",
       "      <th>AGRO3.SA</th>\n",
       "      <td>0.000334</td>\n",
       "      <td>0.000043</td>\n",
       "      <td>0.000087</td>\n",
       "      <td>0.000078</td>\n",
       "      <td>0.000074</td>\n",
       "      <td>0.000055</td>\n",
       "      <td>0.000085</td>\n",
       "      <td>0.000067</td>\n",
       "      <td>0.000074</td>\n",
       "      <td>0.000097</td>\n",
       "      <td>0.000181</td>\n",
       "      <td>0.000087</td>\n",
       "      <td>0.000079</td>\n",
       "      <td>0.000087</td>\n",
       "      <td>0.000128</td>\n",
       "      <td>0.000069</td>\n",
       "      <td>0.000079</td>\n",
       "    </tr>\n",
       "    <tr>\n",
       "      <th>AURE3.SA</th>\n",
       "      <td>0.000043</td>\n",
       "      <td>0.000166</td>\n",
       "      <td>0.000050</td>\n",
       "      <td>0.000022</td>\n",
       "      <td>0.000067</td>\n",
       "      <td>0.000080</td>\n",
       "      <td>0.000033</td>\n",
       "      <td>0.000035</td>\n",
       "      <td>0.000040</td>\n",
       "      <td>0.000042</td>\n",
       "      <td>0.000118</td>\n",
       "      <td>0.000045</td>\n",
       "      <td>0.000051</td>\n",
       "      <td>0.000087</td>\n",
       "      <td>0.000044</td>\n",
       "      <td>0.000012</td>\n",
       "      <td>0.000034</td>\n",
       "    </tr>\n",
       "    <tr>\n",
       "      <th>BMGB4.SA</th>\n",
       "      <td>0.000087</td>\n",
       "      <td>0.000050</td>\n",
       "      <td>0.000589</td>\n",
       "      <td>0.000053</td>\n",
       "      <td>0.000073</td>\n",
       "      <td>0.000111</td>\n",
       "      <td>0.000066</td>\n",
       "      <td>0.000088</td>\n",
       "      <td>0.000093</td>\n",
       "      <td>0.000117</td>\n",
       "      <td>0.000194</td>\n",
       "      <td>0.000067</td>\n",
       "      <td>0.000074</td>\n",
       "      <td>0.000087</td>\n",
       "      <td>0.000048</td>\n",
       "      <td>0.000047</td>\n",
       "      <td>0.000019</td>\n",
       "    </tr>\n",
       "    <tr>\n",
       "      <th>BRAP4.SA</th>\n",
       "      <td>0.000078</td>\n",
       "      <td>0.000022</td>\n",
       "      <td>0.000053</td>\n",
       "      <td>0.000296</td>\n",
       "      <td>0.000027</td>\n",
       "      <td>0.000048</td>\n",
       "      <td>0.000192</td>\n",
       "      <td>0.000060</td>\n",
       "      <td>0.000064</td>\n",
       "      <td>0.000078</td>\n",
       "      <td>0.000138</td>\n",
       "      <td>0.000095</td>\n",
       "      <td>0.000083</td>\n",
       "      <td>0.000055</td>\n",
       "      <td>0.000086</td>\n",
       "      <td>0.000282</td>\n",
       "      <td>0.000058</td>\n",
       "    </tr>\n",
       "    <tr>\n",
       "      <th>CPFE3.SA</th>\n",
       "      <td>0.000074</td>\n",
       "      <td>0.000067</td>\n",
       "      <td>0.000073</td>\n",
       "      <td>0.000027</td>\n",
       "      <td>0.000221</td>\n",
       "      <td>0.000125</td>\n",
       "      <td>0.000065</td>\n",
       "      <td>0.000075</td>\n",
       "      <td>0.000088</td>\n",
       "      <td>0.000086</td>\n",
       "      <td>0.000159</td>\n",
       "      <td>0.000061</td>\n",
       "      <td>0.000065</td>\n",
       "      <td>0.000127</td>\n",
       "      <td>0.000070</td>\n",
       "      <td>0.000012</td>\n",
       "      <td>0.000058</td>\n",
       "    </tr>\n",
       "    <tr>\n",
       "      <th>CSMG3.SA</th>\n",
       "      <td>0.000055</td>\n",
       "      <td>0.000080</td>\n",
       "      <td>0.000111</td>\n",
       "      <td>0.000048</td>\n",
       "      <td>0.000125</td>\n",
       "      <td>0.000443</td>\n",
       "      <td>0.000064</td>\n",
       "      <td>0.000080</td>\n",
       "      <td>0.000090</td>\n",
       "      <td>0.000121</td>\n",
       "      <td>0.000209</td>\n",
       "      <td>0.000060</td>\n",
       "      <td>0.000065</td>\n",
       "      <td>0.000234</td>\n",
       "      <td>0.000043</td>\n",
       "      <td>0.000022</td>\n",
       "      <td>0.000067</td>\n",
       "    </tr>\n",
       "    <tr>\n",
       "      <th>GOAU4.SA</th>\n",
       "      <td>0.000085</td>\n",
       "      <td>0.000033</td>\n",
       "      <td>0.000066</td>\n",
       "      <td>0.000192</td>\n",
       "      <td>0.000065</td>\n",
       "      <td>0.000064</td>\n",
       "      <td>0.000309</td>\n",
       "      <td>0.000072</td>\n",
       "      <td>0.000079</td>\n",
       "      <td>0.000078</td>\n",
       "      <td>0.000148</td>\n",
       "      <td>0.000090</td>\n",
       "      <td>0.000078</td>\n",
       "      <td>0.000066</td>\n",
       "      <td>0.000096</td>\n",
       "      <td>0.000192</td>\n",
       "      <td>0.000077</td>\n",
       "    </tr>\n",
       "    <tr>\n",
       "      <th>ITUB3.SA</th>\n",
       "      <td>0.000067</td>\n",
       "      <td>0.000035</td>\n",
       "      <td>0.000088</td>\n",
       "      <td>0.000060</td>\n",
       "      <td>0.000075</td>\n",
       "      <td>0.000080</td>\n",
       "      <td>0.000072</td>\n",
       "      <td>0.000163</td>\n",
       "      <td>0.000176</td>\n",
       "      <td>0.000094</td>\n",
       "      <td>0.000147</td>\n",
       "      <td>0.000075</td>\n",
       "      <td>0.000078</td>\n",
       "      <td>0.000087</td>\n",
       "      <td>0.000050</td>\n",
       "      <td>0.000047</td>\n",
       "      <td>0.000058</td>\n",
       "    </tr>\n",
       "    <tr>\n",
       "      <th>ITUB4.SA</th>\n",
       "      <td>0.000074</td>\n",
       "      <td>0.000040</td>\n",
       "      <td>0.000093</td>\n",
       "      <td>0.000064</td>\n",
       "      <td>0.000088</td>\n",
       "      <td>0.000090</td>\n",
       "      <td>0.000079</td>\n",
       "      <td>0.000176</td>\n",
       "      <td>0.000214</td>\n",
       "      <td>0.000106</td>\n",
       "      <td>0.000160</td>\n",
       "      <td>0.000088</td>\n",
       "      <td>0.000090</td>\n",
       "      <td>0.000098</td>\n",
       "      <td>0.000061</td>\n",
       "      <td>0.000051</td>\n",
       "      <td>0.000060</td>\n",
       "    </tr>\n",
       "    <tr>\n",
       "      <th>LEVE3.SA</th>\n",
       "      <td>0.000097</td>\n",
       "      <td>0.000042</td>\n",
       "      <td>0.000117</td>\n",
       "      <td>0.000078</td>\n",
       "      <td>0.000086</td>\n",
       "      <td>0.000121</td>\n",
       "      <td>0.000078</td>\n",
       "      <td>0.000094</td>\n",
       "      <td>0.000106</td>\n",
       "      <td>0.000572</td>\n",
       "      <td>0.000215</td>\n",
       "      <td>0.000104</td>\n",
       "      <td>0.000102</td>\n",
       "      <td>0.000097</td>\n",
       "      <td>0.000041</td>\n",
       "      <td>0.000057</td>\n",
       "      <td>0.000041</td>\n",
       "    </tr>\n",
       "    <tr>\n",
       "      <th>MTRE3.SA</th>\n",
       "      <td>0.000181</td>\n",
       "      <td>0.000118</td>\n",
       "      <td>0.000194</td>\n",
       "      <td>0.000138</td>\n",
       "      <td>0.000159</td>\n",
       "      <td>0.000209</td>\n",
       "      <td>0.000148</td>\n",
       "      <td>0.000147</td>\n",
       "      <td>0.000160</td>\n",
       "      <td>0.000215</td>\n",
       "      <td>0.001193</td>\n",
       "      <td>0.000118</td>\n",
       "      <td>0.000127</td>\n",
       "      <td>0.000208</td>\n",
       "      <td>0.000137</td>\n",
       "      <td>0.000067</td>\n",
       "      <td>0.000097</td>\n",
       "    </tr>\n",
       "    <tr>\n",
       "      <th>PETR3.SA</th>\n",
       "      <td>0.000087</td>\n",
       "      <td>0.000045</td>\n",
       "      <td>0.000067</td>\n",
       "      <td>0.000095</td>\n",
       "      <td>0.000061</td>\n",
       "      <td>0.000060</td>\n",
       "      <td>0.000090</td>\n",
       "      <td>0.000075</td>\n",
       "      <td>0.000088</td>\n",
       "      <td>0.000104</td>\n",
       "      <td>0.000118</td>\n",
       "      <td>0.000513</td>\n",
       "      <td>0.000485</td>\n",
       "      <td>0.000090</td>\n",
       "      <td>0.000050</td>\n",
       "      <td>0.000098</td>\n",
       "      <td>0.000033</td>\n",
       "    </tr>\n",
       "    <tr>\n",
       "      <th>PETR4.SA</th>\n",
       "      <td>0.000079</td>\n",
       "      <td>0.000051</td>\n",
       "      <td>0.000074</td>\n",
       "      <td>0.000083</td>\n",
       "      <td>0.000065</td>\n",
       "      <td>0.000065</td>\n",
       "      <td>0.000078</td>\n",
       "      <td>0.000078</td>\n",
       "      <td>0.000090</td>\n",
       "      <td>0.000102</td>\n",
       "      <td>0.000127</td>\n",
       "      <td>0.000485</td>\n",
       "      <td>0.000495</td>\n",
       "      <td>0.000089</td>\n",
       "      <td>0.000049</td>\n",
       "      <td>0.000086</td>\n",
       "      <td>0.000039</td>\n",
       "    </tr>\n",
       "    <tr>\n",
       "      <th>SBSP3.SA</th>\n",
       "      <td>0.000087</td>\n",
       "      <td>0.000087</td>\n",
       "      <td>0.000087</td>\n",
       "      <td>0.000055</td>\n",
       "      <td>0.000127</td>\n",
       "      <td>0.000234</td>\n",
       "      <td>0.000066</td>\n",
       "      <td>0.000087</td>\n",
       "      <td>0.000098</td>\n",
       "      <td>0.000097</td>\n",
       "      <td>0.000208</td>\n",
       "      <td>0.000090</td>\n",
       "      <td>0.000089</td>\n",
       "      <td>0.000380</td>\n",
       "      <td>0.000058</td>\n",
       "      <td>0.000045</td>\n",
       "      <td>0.000064</td>\n",
       "    </tr>\n",
       "    <tr>\n",
       "      <th>SLCE3.SA</th>\n",
       "      <td>0.000128</td>\n",
       "      <td>0.000044</td>\n",
       "      <td>0.000048</td>\n",
       "      <td>0.000086</td>\n",
       "      <td>0.000070</td>\n",
       "      <td>0.000043</td>\n",
       "      <td>0.000096</td>\n",
       "      <td>0.000050</td>\n",
       "      <td>0.000061</td>\n",
       "      <td>0.000041</td>\n",
       "      <td>0.000137</td>\n",
       "      <td>0.000050</td>\n",
       "      <td>0.000049</td>\n",
       "      <td>0.000058</td>\n",
       "      <td>0.000288</td>\n",
       "      <td>0.000079</td>\n",
       "      <td>0.000067</td>\n",
       "    </tr>\n",
       "    <tr>\n",
       "      <th>VALE3.SA</th>\n",
       "      <td>0.000069</td>\n",
       "      <td>0.000012</td>\n",
       "      <td>0.000047</td>\n",
       "      <td>0.000282</td>\n",
       "      <td>0.000012</td>\n",
       "      <td>0.000022</td>\n",
       "      <td>0.000192</td>\n",
       "      <td>0.000047</td>\n",
       "      <td>0.000051</td>\n",
       "      <td>0.000057</td>\n",
       "      <td>0.000067</td>\n",
       "      <td>0.000098</td>\n",
       "      <td>0.000086</td>\n",
       "      <td>0.000045</td>\n",
       "      <td>0.000079</td>\n",
       "      <td>0.000330</td>\n",
       "      <td>0.000058</td>\n",
       "    </tr>\n",
       "    <tr>\n",
       "      <th>WEGE3.SA</th>\n",
       "      <td>0.000079</td>\n",
       "      <td>0.000034</td>\n",
       "      <td>0.000019</td>\n",
       "      <td>0.000058</td>\n",
       "      <td>0.000058</td>\n",
       "      <td>0.000067</td>\n",
       "      <td>0.000077</td>\n",
       "      <td>0.000058</td>\n",
       "      <td>0.000060</td>\n",
       "      <td>0.000041</td>\n",
       "      <td>0.000097</td>\n",
       "      <td>0.000033</td>\n",
       "      <td>0.000039</td>\n",
       "      <td>0.000064</td>\n",
       "      <td>0.000067</td>\n",
       "      <td>0.000058</td>\n",
       "      <td>0.000287</td>\n",
       "    </tr>\n",
       "  </tbody>\n",
       "</table>\n",
       "</div>"
      ],
      "text/plain": [
       "Ticker    AGRO3.SA  AURE3.SA  BMGB4.SA  BRAP4.SA  CPFE3.SA  CSMG3.SA  \\\n",
       "Ticker                                                                 \n",
       "AGRO3.SA  0.000334  0.000043  0.000087  0.000078  0.000074  0.000055   \n",
       "AURE3.SA  0.000043  0.000166  0.000050  0.000022  0.000067  0.000080   \n",
       "BMGB4.SA  0.000087  0.000050  0.000589  0.000053  0.000073  0.000111   \n",
       "BRAP4.SA  0.000078  0.000022  0.000053  0.000296  0.000027  0.000048   \n",
       "CPFE3.SA  0.000074  0.000067  0.000073  0.000027  0.000221  0.000125   \n",
       "CSMG3.SA  0.000055  0.000080  0.000111  0.000048  0.000125  0.000443   \n",
       "GOAU4.SA  0.000085  0.000033  0.000066  0.000192  0.000065  0.000064   \n",
       "ITUB3.SA  0.000067  0.000035  0.000088  0.000060  0.000075  0.000080   \n",
       "ITUB4.SA  0.000074  0.000040  0.000093  0.000064  0.000088  0.000090   \n",
       "LEVE3.SA  0.000097  0.000042  0.000117  0.000078  0.000086  0.000121   \n",
       "MTRE3.SA  0.000181  0.000118  0.000194  0.000138  0.000159  0.000209   \n",
       "PETR3.SA  0.000087  0.000045  0.000067  0.000095  0.000061  0.000060   \n",
       "PETR4.SA  0.000079  0.000051  0.000074  0.000083  0.000065  0.000065   \n",
       "SBSP3.SA  0.000087  0.000087  0.000087  0.000055  0.000127  0.000234   \n",
       "SLCE3.SA  0.000128  0.000044  0.000048  0.000086  0.000070  0.000043   \n",
       "VALE3.SA  0.000069  0.000012  0.000047  0.000282  0.000012  0.000022   \n",
       "WEGE3.SA  0.000079  0.000034  0.000019  0.000058  0.000058  0.000067   \n",
       "\n",
       "Ticker    GOAU4.SA  ITUB3.SA  ITUB4.SA  LEVE3.SA  MTRE3.SA  PETR3.SA  \\\n",
       "Ticker                                                                 \n",
       "AGRO3.SA  0.000085  0.000067  0.000074  0.000097  0.000181  0.000087   \n",
       "AURE3.SA  0.000033  0.000035  0.000040  0.000042  0.000118  0.000045   \n",
       "BMGB4.SA  0.000066  0.000088  0.000093  0.000117  0.000194  0.000067   \n",
       "BRAP4.SA  0.000192  0.000060  0.000064  0.000078  0.000138  0.000095   \n",
       "CPFE3.SA  0.000065  0.000075  0.000088  0.000086  0.000159  0.000061   \n",
       "CSMG3.SA  0.000064  0.000080  0.000090  0.000121  0.000209  0.000060   \n",
       "GOAU4.SA  0.000309  0.000072  0.000079  0.000078  0.000148  0.000090   \n",
       "ITUB3.SA  0.000072  0.000163  0.000176  0.000094  0.000147  0.000075   \n",
       "ITUB4.SA  0.000079  0.000176  0.000214  0.000106  0.000160  0.000088   \n",
       "LEVE3.SA  0.000078  0.000094  0.000106  0.000572  0.000215  0.000104   \n",
       "MTRE3.SA  0.000148  0.000147  0.000160  0.000215  0.001193  0.000118   \n",
       "PETR3.SA  0.000090  0.000075  0.000088  0.000104  0.000118  0.000513   \n",
       "PETR4.SA  0.000078  0.000078  0.000090  0.000102  0.000127  0.000485   \n",
       "SBSP3.SA  0.000066  0.000087  0.000098  0.000097  0.000208  0.000090   \n",
       "SLCE3.SA  0.000096  0.000050  0.000061  0.000041  0.000137  0.000050   \n",
       "VALE3.SA  0.000192  0.000047  0.000051  0.000057  0.000067  0.000098   \n",
       "WEGE3.SA  0.000077  0.000058  0.000060  0.000041  0.000097  0.000033   \n",
       "\n",
       "Ticker    PETR4.SA  SBSP3.SA  SLCE3.SA  VALE3.SA  WEGE3.SA  \n",
       "Ticker                                                      \n",
       "AGRO3.SA  0.000079  0.000087  0.000128  0.000069  0.000079  \n",
       "AURE3.SA  0.000051  0.000087  0.000044  0.000012  0.000034  \n",
       "BMGB4.SA  0.000074  0.000087  0.000048  0.000047  0.000019  \n",
       "BRAP4.SA  0.000083  0.000055  0.000086  0.000282  0.000058  \n",
       "CPFE3.SA  0.000065  0.000127  0.000070  0.000012  0.000058  \n",
       "CSMG3.SA  0.000065  0.000234  0.000043  0.000022  0.000067  \n",
       "GOAU4.SA  0.000078  0.000066  0.000096  0.000192  0.000077  \n",
       "ITUB3.SA  0.000078  0.000087  0.000050  0.000047  0.000058  \n",
       "ITUB4.SA  0.000090  0.000098  0.000061  0.000051  0.000060  \n",
       "LEVE3.SA  0.000102  0.000097  0.000041  0.000057  0.000041  \n",
       "MTRE3.SA  0.000127  0.000208  0.000137  0.000067  0.000097  \n",
       "PETR3.SA  0.000485  0.000090  0.000050  0.000098  0.000033  \n",
       "PETR4.SA  0.000495  0.000089  0.000049  0.000086  0.000039  \n",
       "SBSP3.SA  0.000089  0.000380  0.000058  0.000045  0.000064  \n",
       "SLCE3.SA  0.000049  0.000058  0.000288  0.000079  0.000067  \n",
       "VALE3.SA  0.000086  0.000045  0.000079  0.000330  0.000058  \n",
       "WEGE3.SA  0.000039  0.000064  0.000067  0.000058  0.000287  "
      ]
     },
     "execution_count": 15,
     "metadata": {},
     "output_type": "execute_result"
    }
   ],
   "source": [
    "taxas_retorno.cov()"
   ]
  },
  {
   "cell_type": "code",
   "execution_count": 16,
   "metadata": {},
   "outputs": [
    {
     "data": {
      "text/html": [
       "<div>\n",
       "<style scoped>\n",
       "    .dataframe tbody tr th:only-of-type {\n",
       "        vertical-align: middle;\n",
       "    }\n",
       "\n",
       "    .dataframe tbody tr th {\n",
       "        vertical-align: top;\n",
       "    }\n",
       "\n",
       "    .dataframe thead th {\n",
       "        text-align: right;\n",
       "    }\n",
       "</style>\n",
       "<table border=\"1\" class=\"dataframe\">\n",
       "  <thead>\n",
       "    <tr style=\"text-align: right;\">\n",
       "      <th>Ticker</th>\n",
       "      <th>AGRO3.SA</th>\n",
       "      <th>AURE3.SA</th>\n",
       "      <th>BMGB4.SA</th>\n",
       "      <th>BRAP4.SA</th>\n",
       "      <th>CPFE3.SA</th>\n",
       "      <th>CSMG3.SA</th>\n",
       "      <th>GOAU4.SA</th>\n",
       "      <th>ITUB3.SA</th>\n",
       "      <th>ITUB4.SA</th>\n",
       "      <th>LEVE3.SA</th>\n",
       "      <th>MTRE3.SA</th>\n",
       "      <th>PETR3.SA</th>\n",
       "      <th>PETR4.SA</th>\n",
       "      <th>SBSP3.SA</th>\n",
       "      <th>SLCE3.SA</th>\n",
       "      <th>VALE3.SA</th>\n",
       "      <th>WEGE3.SA</th>\n",
       "    </tr>\n",
       "    <tr>\n",
       "      <th>Ticker</th>\n",
       "      <th></th>\n",
       "      <th></th>\n",
       "      <th></th>\n",
       "      <th></th>\n",
       "      <th></th>\n",
       "      <th></th>\n",
       "      <th></th>\n",
       "      <th></th>\n",
       "      <th></th>\n",
       "      <th></th>\n",
       "      <th></th>\n",
       "      <th></th>\n",
       "      <th></th>\n",
       "      <th></th>\n",
       "      <th></th>\n",
       "      <th></th>\n",
       "      <th></th>\n",
       "    </tr>\n",
       "  </thead>\n",
       "  <tbody>\n",
       "    <tr>\n",
       "      <th>AGRO3.SA</th>\n",
       "      <td>1.000000</td>\n",
       "      <td>0.182151</td>\n",
       "      <td>0.195079</td>\n",
       "      <td>0.246625</td>\n",
       "      <td>0.271680</td>\n",
       "      <td>0.142893</td>\n",
       "      <td>0.264403</td>\n",
       "      <td>0.285243</td>\n",
       "      <td>0.278696</td>\n",
       "      <td>0.222006</td>\n",
       "      <td>0.286058</td>\n",
       "      <td>0.210656</td>\n",
       "      <td>0.192921</td>\n",
       "      <td>0.245229</td>\n",
       "      <td>0.411878</td>\n",
       "      <td>0.206282</td>\n",
       "      <td>0.255394</td>\n",
       "    </tr>\n",
       "    <tr>\n",
       "      <th>AURE3.SA</th>\n",
       "      <td>0.182151</td>\n",
       "      <td>1.000000</td>\n",
       "      <td>0.160927</td>\n",
       "      <td>0.098871</td>\n",
       "      <td>0.350622</td>\n",
       "      <td>0.295581</td>\n",
       "      <td>0.147014</td>\n",
       "      <td>0.209609</td>\n",
       "      <td>0.211897</td>\n",
       "      <td>0.136768</td>\n",
       "      <td>0.265959</td>\n",
       "      <td>0.153660</td>\n",
       "      <td>0.177140</td>\n",
       "      <td>0.344524</td>\n",
       "      <td>0.201572</td>\n",
       "      <td>0.049108</td>\n",
       "      <td>0.157312</td>\n",
       "    </tr>\n",
       "    <tr>\n",
       "      <th>BMGB4.SA</th>\n",
       "      <td>0.195079</td>\n",
       "      <td>0.160927</td>\n",
       "      <td>1.000000</td>\n",
       "      <td>0.127057</td>\n",
       "      <td>0.201553</td>\n",
       "      <td>0.216544</td>\n",
       "      <td>0.154852</td>\n",
       "      <td>0.285244</td>\n",
       "      <td>0.263335</td>\n",
       "      <td>0.201804</td>\n",
       "      <td>0.232008</td>\n",
       "      <td>0.121256</td>\n",
       "      <td>0.136454</td>\n",
       "      <td>0.184161</td>\n",
       "      <td>0.115560</td>\n",
       "      <td>0.107355</td>\n",
       "      <td>0.046147</td>\n",
       "    </tr>\n",
       "    <tr>\n",
       "      <th>BRAP4.SA</th>\n",
       "      <td>0.246625</td>\n",
       "      <td>0.098871</td>\n",
       "      <td>0.127057</td>\n",
       "      <td>1.000000</td>\n",
       "      <td>0.107076</td>\n",
       "      <td>0.132821</td>\n",
       "      <td>0.634506</td>\n",
       "      <td>0.270988</td>\n",
       "      <td>0.254691</td>\n",
       "      <td>0.189935</td>\n",
       "      <td>0.232534</td>\n",
       "      <td>0.243135</td>\n",
       "      <td>0.216563</td>\n",
       "      <td>0.162686</td>\n",
       "      <td>0.296138</td>\n",
       "      <td>0.901000</td>\n",
       "      <td>0.200379</td>\n",
       "    </tr>\n",
       "    <tr>\n",
       "      <th>CPFE3.SA</th>\n",
       "      <td>0.271680</td>\n",
       "      <td>0.350622</td>\n",
       "      <td>0.201553</td>\n",
       "      <td>0.107076</td>\n",
       "      <td>1.000000</td>\n",
       "      <td>0.397910</td>\n",
       "      <td>0.249347</td>\n",
       "      <td>0.397105</td>\n",
       "      <td>0.406096</td>\n",
       "      <td>0.240814</td>\n",
       "      <td>0.309270</td>\n",
       "      <td>0.180036</td>\n",
       "      <td>0.196888</td>\n",
       "      <td>0.439149</td>\n",
       "      <td>0.278032</td>\n",
       "      <td>0.042998</td>\n",
       "      <td>0.230590</td>\n",
       "    </tr>\n",
       "    <tr>\n",
       "      <th>CSMG3.SA</th>\n",
       "      <td>0.142893</td>\n",
       "      <td>0.295581</td>\n",
       "      <td>0.216544</td>\n",
       "      <td>0.132821</td>\n",
       "      <td>0.397910</td>\n",
       "      <td>1.000000</td>\n",
       "      <td>0.174091</td>\n",
       "      <td>0.296548</td>\n",
       "      <td>0.294129</td>\n",
       "      <td>0.239682</td>\n",
       "      <td>0.287068</td>\n",
       "      <td>0.125464</td>\n",
       "      <td>0.138124</td>\n",
       "      <td>0.569868</td>\n",
       "      <td>0.121553</td>\n",
       "      <td>0.057986</td>\n",
       "      <td>0.188219</td>\n",
       "    </tr>\n",
       "    <tr>\n",
       "      <th>GOAU4.SA</th>\n",
       "      <td>0.264403</td>\n",
       "      <td>0.147014</td>\n",
       "      <td>0.154852</td>\n",
       "      <td>0.634506</td>\n",
       "      <td>0.249347</td>\n",
       "      <td>0.174091</td>\n",
       "      <td>1.000000</td>\n",
       "      <td>0.320280</td>\n",
       "      <td>0.309241</td>\n",
       "      <td>0.184490</td>\n",
       "      <td>0.243174</td>\n",
       "      <td>0.226592</td>\n",
       "      <td>0.198716</td>\n",
       "      <td>0.191351</td>\n",
       "      <td>0.321808</td>\n",
       "      <td>0.599655</td>\n",
       "      <td>0.258925</td>\n",
       "    </tr>\n",
       "    <tr>\n",
       "      <th>ITUB3.SA</th>\n",
       "      <td>0.285243</td>\n",
       "      <td>0.209609</td>\n",
       "      <td>0.285244</td>\n",
       "      <td>0.270988</td>\n",
       "      <td>0.397105</td>\n",
       "      <td>0.296548</td>\n",
       "      <td>0.320280</td>\n",
       "      <td>1.000000</td>\n",
       "      <td>0.943301</td>\n",
       "      <td>0.306301</td>\n",
       "      <td>0.333100</td>\n",
       "      <td>0.258589</td>\n",
       "      <td>0.274718</td>\n",
       "      <td>0.349368</td>\n",
       "      <td>0.230730</td>\n",
       "      <td>0.202090</td>\n",
       "      <td>0.267031</td>\n",
       "    </tr>\n",
       "    <tr>\n",
       "      <th>ITUB4.SA</th>\n",
       "      <td>0.278696</td>\n",
       "      <td>0.211897</td>\n",
       "      <td>0.263335</td>\n",
       "      <td>0.254691</td>\n",
       "      <td>0.406096</td>\n",
       "      <td>0.294129</td>\n",
       "      <td>0.309241</td>\n",
       "      <td>0.943301</td>\n",
       "      <td>1.000000</td>\n",
       "      <td>0.303778</td>\n",
       "      <td>0.316777</td>\n",
       "      <td>0.266442</td>\n",
       "      <td>0.275984</td>\n",
       "      <td>0.345180</td>\n",
       "      <td>0.246875</td>\n",
       "      <td>0.193807</td>\n",
       "      <td>0.240407</td>\n",
       "    </tr>\n",
       "    <tr>\n",
       "      <th>LEVE3.SA</th>\n",
       "      <td>0.222006</td>\n",
       "      <td>0.136768</td>\n",
       "      <td>0.201804</td>\n",
       "      <td>0.189935</td>\n",
       "      <td>0.240814</td>\n",
       "      <td>0.239682</td>\n",
       "      <td>0.184490</td>\n",
       "      <td>0.306301</td>\n",
       "      <td>0.303778</td>\n",
       "      <td>1.000000</td>\n",
       "      <td>0.259848</td>\n",
       "      <td>0.191868</td>\n",
       "      <td>0.190997</td>\n",
       "      <td>0.207154</td>\n",
       "      <td>0.100653</td>\n",
       "      <td>0.131494</td>\n",
       "      <td>0.101568</td>\n",
       "    </tr>\n",
       "    <tr>\n",
       "      <th>MTRE3.SA</th>\n",
       "      <td>0.286058</td>\n",
       "      <td>0.265959</td>\n",
       "      <td>0.232008</td>\n",
       "      <td>0.232534</td>\n",
       "      <td>0.309270</td>\n",
       "      <td>0.287068</td>\n",
       "      <td>0.243174</td>\n",
       "      <td>0.333100</td>\n",
       "      <td>0.316777</td>\n",
       "      <td>0.259848</td>\n",
       "      <td>1.000000</td>\n",
       "      <td>0.150874</td>\n",
       "      <td>0.164721</td>\n",
       "      <td>0.308495</td>\n",
       "      <td>0.234092</td>\n",
       "      <td>0.106531</td>\n",
       "      <td>0.165091</td>\n",
       "    </tr>\n",
       "    <tr>\n",
       "      <th>PETR3.SA</th>\n",
       "      <td>0.210656</td>\n",
       "      <td>0.153660</td>\n",
       "      <td>0.121256</td>\n",
       "      <td>0.243135</td>\n",
       "      <td>0.180036</td>\n",
       "      <td>0.125464</td>\n",
       "      <td>0.226592</td>\n",
       "      <td>0.258589</td>\n",
       "      <td>0.266442</td>\n",
       "      <td>0.191868</td>\n",
       "      <td>0.150874</td>\n",
       "      <td>1.000000</td>\n",
       "      <td>0.962531</td>\n",
       "      <td>0.203822</td>\n",
       "      <td>0.131134</td>\n",
       "      <td>0.238098</td>\n",
       "      <td>0.086358</td>\n",
       "    </tr>\n",
       "    <tr>\n",
       "      <th>PETR4.SA</th>\n",
       "      <td>0.192921</td>\n",
       "      <td>0.177140</td>\n",
       "      <td>0.136454</td>\n",
       "      <td>0.216563</td>\n",
       "      <td>0.196888</td>\n",
       "      <td>0.138124</td>\n",
       "      <td>0.198716</td>\n",
       "      <td>0.274718</td>\n",
       "      <td>0.275984</td>\n",
       "      <td>0.190997</td>\n",
       "      <td>0.164721</td>\n",
       "      <td>0.962531</td>\n",
       "      <td>1.000000</td>\n",
       "      <td>0.204623</td>\n",
       "      <td>0.130173</td>\n",
       "      <td>0.211398</td>\n",
       "      <td>0.104662</td>\n",
       "    </tr>\n",
       "    <tr>\n",
       "      <th>SBSP3.SA</th>\n",
       "      <td>0.245229</td>\n",
       "      <td>0.344524</td>\n",
       "      <td>0.184161</td>\n",
       "      <td>0.162686</td>\n",
       "      <td>0.439149</td>\n",
       "      <td>0.569868</td>\n",
       "      <td>0.191351</td>\n",
       "      <td>0.349368</td>\n",
       "      <td>0.345180</td>\n",
       "      <td>0.207154</td>\n",
       "      <td>0.308495</td>\n",
